table-1-start
.. _table_1:

.. table:: **Table 1:** |table_1|
   :width: 100%

   =======    =======    =======    =======   
   mu         mu0        std        std0      
   =======    =======    =======    =======   
   6159       6169       252        247       
   6762       6846       1212       1238      
   5995       6000       298        299       
   5999       6014       1490       1467      
   6000       6000       315        300       
   6005       6000       1484       1498      
   =======    =======    =======    =======   
table-1-end
table-2-start
.. _table_2:

.. table:: **Table 2:** |table_2|
   :width: 100%

   =======    =======    =======    =======    =======    =======    =======    =======    =======    =======    =======    =======    =======   
   weak       eps        iter       mu         mu0        Dmu        std        std0       Dstd       slow       Dt         Dt0        err       
   =======    =======    =======    =======    =======    =======    =======    =======    =======    =======    =======    =======    =======   
   0          0.01       2667       6159       6169       0.002      251        247        0.016      1          4          0          1.0       
   0          0.01       2607       6762       6846       0.012      1208       1238       0.024      2*         28         0          1.0       
   0          0.01       2667       5995       6000       0.001      297        299        0.007      2          3017       3000       0.01      
   0          0.01       2707       5999       6014       0.002      1483       1467       0.011      1          3003       3000       0.0       
   0          0.01       2667       6000       6000       0.0        313        300        0.043      2          4792       4800       0.0       
   0          0.01       2677       6005       6000       0.001      1478       1498       0.013      1          4663       4800       0.03      
   1          0.01       467        6156       6169       0.002      231        247        0.065      1          28         0          1.0       
   1          0.01       667        6870       6846       0.004      1188       1238       0.04       1          330        0          1.0       
   1          0.01       477        6009       6000       0.002      319        299        0.067      2          3025       3000       0.01      
   1          0.01       657        5963       6014       0.008      1442       1467       0.017      1          3004       3000       0.0       
   1          0.01       477        6009       6000       0.002      266        300        0.113      2          4792       4800       0.0       
   1          0.01       697        6084       6000       0.014      1548       1498       0.033      1          4814       4800       0.0       
   0          0.1        187        6150       6169       0.0        276        247        0.12       1          82         0          1.0       
   0          0.1        167        6772       6846       0.01       1290       1238       0.04       2*         452        0          1.0       
   0          0.1        147        5964       6000       0.01       255        299        0.15       2          2996       3000       0.0       
   0          0.1        177        5589       6014       0.07       1433       1467       0.02       1          2719       3000       0.1       
   0          0.1        177        6065       6000       0.01       291        300        0.03       2          4778       4800       0.0       
   0          0.1        187        5831       6000       0.03       1540       1498       0.03       1          4391       4800       0.09      
   1          0.1        47         6302       6169       0.02       209        247        0.15       1          77         0          1.0       
   1          0.1        87         6713       6846       0.02       1220       1238       0.01       1          133        0          1.0       
   1          0.1        47         6008       6000       0.0        226        299        0.24       2          3060       3000       0.02      
   1          0.1        77         5898       6014       0.02       1252       1467       0.15       1          3092       3000       0.03      
   1          0.1        57         6063       6000       0.01       290        300        0.03       2          4746       4800       0.01      
   1          0.1        87         5565       6000       0.07       1135       1498       0.24       1          4321       4800       0.11      
   =======    =======    =======    =======    =======    =======    =======    =======    =======    =======    =======    =======    =======   
table-2-end
